	Mean.Depth_m	Mean.Temperature	Mean.Oxygen_umol.kg.1	PO4_umol.L.1	NO2NO3_umol.L.1	SI_umol.L.1	AMODIS.PAR8d.Einsteins.m.2.d.1
TARA_112_DCM_0.8_5.0	153.5436	22.261435	207.089325	0.11	0.02	0.7	24.873
TARA_097_DCM_0.8_5.0	NA	NA	NA	NA	NA	NA	NA
TARA_096_DCM_0.8_5.0	NA	NA	NA	NA	NA	NA	NA
TARA_151_DCM_0.8_5.0	77.569937	16.751066	228.54515	0.01	0.05	0.63	18.453
TARA_142_DCM_0.8_5.0	123.712288	24.948842	192.971638	0.02	0.06	1.17	NA
TARA_006_DCM_0.8_5.0	NA	NA	NA	NA	NA	NA	NA
TARA_066_DCM_0.8_5.0	28.633	15.01895	240.4135	0.37	3.23	2.47	13.132
TARA_051_DCM_0.8_5.0	NA	NA	NA	NA	NA	NA	NA
TARA_132_DCM_0.8_5.0	113.793163	15.284298	225.501338	0.13	0.05	4.45	NA
TARA_086_DCM_0.8_5.0	NA	NA	NA	NA	NA	NA	NA
TARA_034_DCM_0.8_5.0	60.130917	27.589917	175.384083	0.09	0.64	1.35	35.386
TARA_058_DCM_0.8_5.0	67.071075	25.308318	185.01	0	0.06	2.51	29.165
TARA_080_DCM_0.8_5.0	NA	NA	NA	NA	NA	NA	NA
TARA_102_DCM_0.8_5.0	45.659026	19.566255	103.916711	1.86	24.4	10.5	44.432
TARA_128_DCM_0.8_5.0	41.657389	26.080233	176.984778	0.55	5.26	2.74	NA
TARA_032_DCM_0.8_5.0	85.473667	26.050367	179.968	0.025	0.01	0.85	23.424
TARA_106_DCM_0.8_5.0	NA	NA	NA	NA	NA	NA	NA
TARA_025_DCM_0.8_5.0	51.695136	15.161277	229.547682	0.07	0.15	1.82	13.616
TARA_122_DCM_0.8_5.0	113.25225	24.69625	179.916875	0.59	2.8	1.8	39.59
TARA_111_DCM_0.8_5.0	88.989575	19.881449	211.54555	0.44	0.93	0.9	35.531
TARA_110_DCM_0.8_5.0	48.691267	21.814577	144.633667	0.93	10.7	6	46.495
TARA_109_DCM_0.8_5.0	29.806808	26.532035	203.127654	0.5	4.6	3.2	51.684
TARA_138_DCM_0.8_5.0	58.102975	19.048358	77.038525	1.11	12.9	8.07	32.302
TARA_004_DCM_0.8_5.0	38.689029	16.246331	NA	NA	NA	NA	37.643
TARA_135_DCM_0.8_5.0	NA	NA	NA	NA	NA	NA	NA
TARA_009_DCM_0.8_5.0	55	16.151933	NA	0.02	0.08	0.6	26.661
TARA_016_DCM_0.8_5.0	NA	NA	NA	NA	NA	NA	NA
TARA_042_DCM_0.8_5.0	79.02115	27.723425	132.77885	0.34	1.39	3.2	41.596
TARA_072_DCM_0.8_5.0	95.403276	24.112672	194.428431	0.143	0.044	1.319	40.356
TARA_093_DCM_0.8_5.0	33.7675	16.40115	237.215	1.07	7.55	0.59	36.415
TARA_081_DCM_0.8_5.0	NA	NA	NA	NA	NA	NA	NA
TARA_137_DCM_0.8_5.0	44.174167	18.594842	95.411833	0.88	6.05	4.66	40.569
TARA_038_DCM_0.8_5.0	25.3365	25.494408	154.699917	0.42	1.86	1.63	46.032
TARA_068_DCM_0.8_5.0	40.268917	16.787411	231.683361	0.227	1.08	2.436	34.079
TARA_143_DCM_0.8_5.0	NA	NA	NA	NA	NA	NA	NA
TARA_078_DCM_0.8_5.0	118.275667	19.30925	217.140667	0	0.104	0.319	NA
TARA_065_DCM_0.8_5.0	28.6815	21.81495	206.43725	NA	NA	NA	10.406
TARA_041_DCM_0.8_5.0	58.151	27.117663	148.328125	0.34	0.49	1.38	48.494
TARA_064_DCM_0.8_5.0	63.6355	22.250309	207.446227	0.08	0.02	1.75	15.401
TARA_005_DCM_0.8_5.0	NA	NA	NA	NA	NA	NA	NA
TARA_036_DCM_0.8_5.0	17.39175	25.37395	211.606583	0.51	2.08	1.79	41.826
TARA_023_DCM_0.8_5.0	55.15925	15.705783	224.266917	0.01	0.05	1.05	8.494
TARA_149_MES_0.8_3.0	734.339983	10.565417	155.156833	1.36	21.11	11.38	15.197
TARA_148_MES_0.8_3.0	246.368475	18.169021	191.752575	0.18	4.13	1.62	16.098
TARA_138_MES_0.8_3.0	444.883637	8.210557	0.78015	3.16	36.22	52.92	33.697
TARA_142_MES_0.8_3.0	634.7514	9.756257	108.240083	1.22	20.25	8.62	NA
TARA_137_MES_0.8_3.0	370.969763	8.911481	0.628413	2.95	34.55	46.62	40.519
TARA_144_MES_0.8_3.0	NA	NA	NA	NA	NA	NA	NA
TARA_097_MES_0.8_3.0	NA	NA	NA	NA	NA	NA	NA
TARA_109_MES_0.8_3.0	376.367333	11.3158	2.516667	2.58	35.3	36.3	51.684
TARA_110_MES_0.8_3.0	376.926537	10.2584	1.27395	2.8	38.1	35	46.495
TARA_131_MES_0.8_3.0	NA	NA	NA	NA	NA	NA	NA
TARA_112_MES_0.8_3.0	689.263312	5.791448	199.248437	2.15	31.46	20.6	24.494
TARA_146_MES_0.8_3.0	633.320325	11.012346	138.0832	1.31	20.03	13.24	NA
TARA_098_MES_0.8_3.0	481.0982	8.113126	155.55759	2.02	27.29	12.05	45.002
TARA_132_MES_0.8_3.0	545.5185	6.689724	138.735952	1.22	17.49	22.34	NA
TARA_078_MES_0.8_3.0	792.738	5.8659	214.842	1.946	28.21	13.93	NA
TARA_085_SRF_0.8_5.0	5.9412	0.67108	343.4373	2.111	28.5	79.52	32.42
TARA_142_SRF_0.8_5.0	5.443	24.96555	194.2675	0	0.05	1.22	NA
TARA_080_SRF_0.8_5.0	NA	NA	NA	NA	NA	NA	NA
TARA_086_SRF_0.8_5.0	NA	NA	NA	NA	NA	NA	NA
TARA_036_SRF_0.8_5.0	5.472417	25.581433	210.8972	0.37	0.13	1.2	42.493
TARA_081_SRF_0.8_5.0	NA	NA	NA	NA	NA	NA	NA
TARA_006_SRF_0.8_5.0	NA	NA	NA	NA	NA	NA	NA
TARA_124_SRF_0.8_5.0	9.8985	26.518986	190.724	0.63	6.18	2.52	NA
TARA_043_SRF_0.8_5.0	NA	NA	NA	NA	NA	NA	NA
TARA_004_SRF_0.8_5.0	10	20.5251	NA	NA	NA	NA	39.916
TARA_131_SRF_0.8_5.0	NA	NA	NA	NA	NA	NA	NA
TARA_113_SRF_0.8_5.0	NA	NA	NA	NA	NA	NA	NA
TARA_041_SRF_0.8_5.0	5.485917	29.089367	187.42925	0.14	0.09	1.47	47.55
TARA_058_SRF_0.8_5.0	NA	NA	NA	NA	NA	NA	NA
TARA_052_SRF_0.8_5.0	5.539583	27.8684	191.68	0.12	0	2.67	33.904
TARA_143_SRF_0.8_5.0	NA	NA	NA	NA	NA	NA	NA
TARA_123_SRF_0.8_5.0	5.537917	26.576175	189.758333	0.53	4.9	2.22	45.243
TARA_149_SRF_0.8_5.0	5.530667	18.732683	220.189917	0.06	0.68	0.8	13.849
TARA_095_SRF_0.8_5.0	NA	NA	NA	NA	NA	NA	NA
TARA_128_SRF_0.8_5.0	5.4465	26.074467	179.86	0.54	5.08	2.67	NA
TARA_110_SRF_0.8_5.0	5.464917	23.8683	190.816333	0.75	8.2	3.9	47.212
TARA_046_SRF_0.8_5.0	5.46075	30.12565	185.733167	0.1	0.05	1.94	43.495
TARA_067_SRF_0.8_5.0	5.453583	12.83445	249.351417	1.016	7.091	13.88	37.675
TARA_076_SRF_0.8_5.0	5.46125	23.349542	206.194333	0.056	0	0.814	NA
TARA_039_SRF_0.8_5.0	5.388583	26.81765	193.3535	0.23	0.03	1.44	46.899
TARA_129_SRF_0.8_5.0	NA	NA	NA	NA	NA	NA	NA
TARA_130_SRF_0.8_5.0	NA	NA	NA	NA	NA	NA	NA
TARA_072_SRF_0.8_5.0	5.8434	25.02619	199.1195	0.104	0.018	0.868	37.502
TARA_005_SRF_0.8_5.0	NA	NA	NA	NA	NA	NA	NA
TARA_082_SRF_0.8_5.0	5.480333	7.321517	305.012167	1.301	18.15	1.824	27.488
TARA_122_SRF_0.8_5.0	5.8596	26.54413	186.2407	0.57	5.46	2.19	40.236
TARA_084_SRF_0.8_5.0	5.9026	1.84402	338.2982	1.723	25.3	16.55	36.192
TARA_145_SRF_0.8_5.0	5.529083	14.11885	233.859	0.35	4.38	2.77	NA
TARA_042_SRF_0.8_5.0	5.417833	29.980283	189.25475	0.08	0.03	2.21	51.716
TARA_136_SRF_0.8_5.0	NA	NA	NA	NA	NA	NA	NA
TARA_092_SRF_0.8_5.0	NA	NA	NA	NA	NA	NA	NA
TARA_106_SRF_0.8_5.0	NA	NA	NA	NA	NA	NA	NA
TARA_137_SRF_0.8_5.0	5.370667	26.4091	195.126917	0.46	2.44	2.54	33.587
TARA_111_SRF_0.8_5.0	5.8897	22.76873	208.8654	0.5	2.68	1	34.233
TARA_051_SRF_0.8_5.0	NA	NA	NA	NA	NA	NA	NA
TARA_112_SRF_0.8_5.0	5.43925	24.237467	202.174583	0.14	0.03	0.8	27.005
TARA_139_SRF_0.8_5.0	NA	NA	NA	NA	NA	NA	NA
TARA_102_SRF_0.8_5.0	5.4785	24.943108	205.992583	1	12.6	5	42.123
TARA_064_SRF_0.8_5.0	5.494917	22.165567	210.00775	0.08	0	1.77	15.002
TARA_045_SRF_0.8_5.0	5.475583	30.496383	185.243833	1.94	28.64	15.14	33.851
TARA_100_SRF_0.8_5.0	5.479	25.2512	200.233917	0.68	6.2	1.2	41.79
TARA_018_SRF_0.8_5.0	5.425667	21.4395	207.791417	0.026	0.12	0.56	21.979
TARA_109_SRF_0.8_5.0	5.400583	27.617558	198.635833	0.27	0.9	1.7	51.461
TARA_152_SRF_0.8_5.0	5.413667	14.28065	243.148	0.16	2.16	1.24	23.761
TARA_009_SRF_0.8_5.0	5.784381	23.8526	NA	0.02	0.03	0.75	26.661
TARA_089_SRF_0.8_5.0	NA	NA	NA	NA	NA	NA	NA
TARA_068_SRF_0.8_5.0	5.427417	16.832058	231.914833	0.229	1.303	2.601	34.079
TARA_151_SRF_0.8_5.0	5.402083	17.260108	232.053333	0.01	0.02	0.65	20.692
TARA_078_SRF_0.8_5.0	5.5735	19.854083	221.47475	0	0.017	0.481	NA
TARA_146_SRF_0.8_5.0	11.6915	19.1288	214.365	0.02	0.74	0.94	NA
TARA_093_SRF_0.8_5.0	5.331833	18.014508	244.861667	0.52	0.02	0.09	37.262
TARA_016_SRF_0.8_5.0	NA	NA	NA	NA	NA	NA	NA
TARA_038_SRF_0.8_5.0	5.454333	26.2314	199.9355	0.32	0.06	1.18	47.652
TARA_066_SRF_0.8_5.0	5.39475	15.033492	238.916333	0.34	3.34	2.74	14.292
TARA_070_SRF_0.8_5.0	5.396667	19.776808	215.650833	0.364	0.986	1.362	48.151
TARA_132_SRF_0.8_5.0	5.453417	25.173925	197.682417	0.01	0.01	2.43	NA
TARA_147_SRF_0.8_5.0	NA	NA	NA	NA	NA	NA	NA
TARA_022_SRF_0.8_5.0	5.471833	17.041483	220.927083	0.02	0.21	2.03	16.095
TARA_135_SRF_0.8_5.0	NA	NA	NA	NA	NA	NA	NA
TARA_148_SRF_0.8_5.0	6.0535	20.3973	212.5623	0	0.15	0.73	NA
TARA_097_SRF_0.8_5.0	NA	NA	NA	NA	NA	NA	NA
TARA_096_SRF_0.8_5.0	5.51125	23.799133	204.13825	0.16	0.02	0.53	43.197
TARA_098_SRF_0.8_5.0	5.558167	25.14875	200.538167	0.2	0.05	0.38	44.893
TARA_150_SRF_0.8_5.0	5.530167	17.583075	228.375583	0.01	0.17	0.84	15.73
TARA_020_SRF_0.8_5.0	NA	NA	NA	NA	NA	NA	NA
TARA_025_SRF_0.8_5.0	5.516	18.342533	218.016833	0.01	0.03	1.05	13.616
